1930
1927
1926
1925
1924
1920
1919
1918
1916
1915
1913
1910
1909
1901
1900
1896
1893
1892
1890
1888
1887
1885
1882
1881
1880
1878
1876
1875
1874
1869
1866
1864
1863
1860
1857
1853
1846
1845
1844
1843
1842
1841
1835
1834
1830
1829
1828
1827
1825
1822
1820
1819
1818
722
1815
1814
1811
1810
1809
1808
1806
1805
1804
1803
1802
1798
1791
1789
1788
1787
1784
1781
1780
1779
1778
1775
1774
1772
1770
1769
1765
1761
1760
1759
1758
1756
1755
1754
1751
1749
1966
1740
1739
1737
1736
1732
1730
1729
37
1721
1720
1719
1717
1715
1712
1710
1709
1708
1705
1704
1702
1700
1699
1698
1697
1696
1693
1692
1687
1685
1683
1682
1679
1677
1676
1674
1668
1667
1663
1661
1660
1657
1656
1652
1651
1649
1984
1647
1646
1645
1641
1640
1639
1637
1633
1632
1631
1630
1626
1625
1623
1620
1619
1618
1617
1615
1614
1613
205
1610
1605
1598
1597
1594
1586
1585
1584
1583
1581
1578
1577
1576
1574
1573
1572
1569
1566
1564
1563
1562
1554
1553
1552
1551
1550
1548
1547
1544
1540
1538
1534
1533
1532
1530
1529
1528
1524
1523
1522
1517
1516
1515
1514
1512
1511
1510
1507
1506
1503
1502
1499
1498
1497
1495
1494
1485
1483
1482
1481
1480
1479
1478
1474
1473
1472
1463
1460
1457
1456
1453
1451
1450
1448
1447
1446
1445
1444
1443
1442
1437
1435
1432
1430
1944
1426
1425
1423
1422
1421
1419
1418
1417
1415
1412
1411
1410
1408
1405
1402
1960
1400
1398
1395
1394
1390
1389
1386
1385
1382
1381
1380
1377
1376
1375
1373
330
1371
1370
1368
1367
1366
1365
1364
1361
1360
1359
1358
1357
1356
1353
1351
1350
1349
1347
1344
1343
1981
1340
1339
1338
1336
1334
1331
1330
1329
1325
1322
1321
1320
1318
1316
1314
54
1311
1307
1306
1303
1301
1297
1296
1294
1293
1292
1291
1288
1284
1283
1279
1278
1276
1272
1270
1269
1268
1267
1266
1259
1256
1254
1253
1250
1248
1247
1245
1244
1243
1242
1241
1240
1237
1235
1233
1231
1229
1227
1226
1220
1936
1218
1216
1215
1213
1210
1209
1205
1204
1201
1199
1197
1193
1191
1190
1189
1188
1187
1183
1182
1180
1179
1178
1175
1173
1171
1170
1169
1168
1167
1166
1165
1161
1160
1156
1155
1150
1149
1147
1138
1137
1136
1135
1134
1133
1132
1130
1129
1123
1119
1114
1113
1112
1110
1109
1107
1105
1104
1102
1101
1100
1099
1097
1096
1095
1094
1092
1088
1084
1083
1079
1076
1075
1073
1071
1070
1997
1066
1065
1064
1062
1060
1059
1058
1057
1056
1055
1054
1053
1052
1050
1045
1044
1041
1040
1039
1036
1035
1032
1026
1025
1023
1022
1021
1019
1016
1014
1011
1009
1006
1005
1004
1002
1000
999
995
994
992
991
980
979
978
977
975
974
972
970
968
966
964
958
956
955
951
950
948
947
946
945
944
943
941
937
936
932
931
928
926
922
920
918
916
914
911
910
909
908
905
904
902
900
894
891
889
888
887
883
881
880
879
878
872
871
870
865
862
861
860
856
853
852
851
849
847
845
843
842
841
1995
838
836
833
831
829
828
827
826
825
823
821
818
817
816
815
813
812
808
807
806
805
801
800
799
796
794
792
790
789
787
781
780
779
778
777
774
772
771
770
767
840
759
758
755
754
753
751
750
748
747
746
742
740
1994
737
736
735
731
730
728
727
726
725
1956
720
717
714
710
709
706
703
702
701
700
699
697
695
1946
688
687
685
684
683
681
680
679
678
675
674
673
670
668
666
665
661
659
656
654
652
651
644
643
639
638
637
1993
632
631
628
627
626
625
622
620
618
616
614
613
612
610
609
608
606
603
602
601
598
596
594
593
591
590
588
584
581
580
578
575
574
572
571
570
569
568
567
566
565
564
563
561
559
556
555
554
552
551
550
548
547
542
538
536
533
531
528
527
526
523
519
512
511
509
506
505
504
503
502
500
498
495
494
493
491
490
489
487
485
481
480
477
474
472
471
469
467
466
465
464
463
461
460
457
455
454
453
452
450
446
444
443
442
440
439
437
436
434
432
429
428
427
426
425
424
423
421
420
418
417
416
415
414
413
412
411
407
406
404
403
402
401
398
397
390
389
388
386
384
381
379
378
377
370
369
368
367
364
363
362
361
358
356
355
353
352
349
345
344
341
338
337
336
335
333
331
1990
329
328
326
325
41
322
321
319
317
314
311
310
308
306
305
304
302
300
298
297
296
295
293
292
291
287
282
281
279
278
276
274
270
268
266
265
264
262
261
258
256
253
251
250
249
248
246
245
244
243
241
239
236
235
229
228
227
225
224
222
220
211
209
2
200
198
197
196
195
191
189
188
187
184
182
181
179
178
170
168
167
166
164
162
161
160
159
157
156
153
149
147
144
140
138
137
136
134
133
1988
125
1742
123
121
118
116
113
112
109
105
104
102
101
99
98
97
95
94
93
91
88
87
85
83
79
78
74
72
1999
67
66
65
64
63
62
61
59
57
1817
53
50
49
1979
1978
1977
1975
1972
40
39
1969
1968
1967
35
1962
1961
29
1958
26
25
23
22
21
20
18
17
1947
15
13
11
1941
1940
8
7
5
4
1934
1933
1
1931
