17518
17515
17512
17508
17507
17505
17504
17503
17502
17501
17497
17495
17493
17489
17488
17485
5152
17482
17481
17480
17479
17478
17477
17476
17473
17472
1030
17469
17467
17464
17462
17461
17457
17455
1553
2232
17448
17447
17446
17444
171
17442
17441
17437
17435
17433
17432
18812
17430
17428
17425
17424
17421
17419
17417
17416
17415
17414
17413
17410
17408
17407
17406
13395
17404
17402
17401
17400
17399
17394
17393
17391
17387
17386
17385
17384
17383
17378
17372
17370
17369
17368
17367
17366
17363
17360
17359
17358
17357
17356
17354
17352
17351
17349
17347
17345
17342
17341
17340
17338
17337
17336
17335
17333
17324
17323
17322
2059
17320
17319
17318
17316
17315
17314
17311
17310
17309
17307
17063
17305
17304
17303
17302
17298
5867
17295
17294
1728
17290
17289
17284
17283
17281
17280
17278
17277
17273
17272
19920
17268
17267
17266
17262
17259
17255
17252
17251
17246
17245
17244
17242
18374
17239
17238
17235
17234
17233
17232
17231
17230
17229
17227
17224
17222
14053
17218
17216
17215
17214
17213
17212
17209
17207
17206
17204
17203
17202
17201
17200
17199
17198
17197
17196
1886
19404
17191
17190
17188
17187
17177
17175
17174
17171
17170
17168
17167
18545
17162
17161
17159
17158
17156
17155
17154
17153
17152
17151
17150
17149
17146
17142
17140
17139
17137
17136
17128
17126
17124
17118
17116
17115
17114
17113
17112
17111
17106
17105
17103
17101
17098
17097
17096
17094
17090
17087
17086
17082
864
17078
17073
17072
17070
17069
17068
17067
17066
19231
6222
17062
17059
17058
17056
17053
17052
17050
17049
19069
17046
17044
17043
17041
19746
17032
17030
19593
17027
17026
17025
17024
17023
17021
17018
17016
2056
17014
17013
17010
17009
17008
17006
17000
12424
16998
16997
16996
16995
16993
16990
16988
16987
510
16981
16980
16979
16976
16975
16973
16972
16971
16969
16968
16960
338
16956
16955
16954
16952
16950
16949
16948
16940
16939
16938
16937
16935
16934
16932
16929
16928
16924
16923
16922
16921
16918
16915
16911
16909
18199
16906
16905
16904
16903
16901
16899
16894
16893
16888
16887
16885
16883
1205
16880
16877
16875
16874
16872
13905
16870
16869
16867
16865
16864
16861
16860
16859
16858
16856
16855
16852
16851
16850
16849
16848
16847
16846
16844
16843
16842
16840
16839
16838
16836
16248
16834
16832
16831
16830
16829
16828
16825
16822
16821
16819
16818
428
16813
16811
16810
16807
16805
16801
16800
16799
3628
16796
16795
16794
16793
16792
15613
16788
16785
18713
16781
16780
18291
16775
16774
16773
16771
16770
16767
16765
16763
16762
1611
16760
16758
1023
16754
16753
16752
16749
16748
16747
16745
16742
16740
16738
16737
16736
16735
6382
16732
16731
16730
17682
16727
16724
16722
6048
16720
16718
16716
16714
16712
16711
16710
16708
16707
16704
16702
16701
16699
16698
16697
16696
16694
16693
16687
16685
1726
16682
16680
16679
18722
16676
16675
16673
16672
16670
16669
16667
16665
16664
16659
16658
16657
16656
16655
18540
16652
16649
16648
16647
16646
16645
16644
16643
16640
16638
16636
16632
16631
16629
16628
16626
16625
16624
16622
16621
16619
16618
16616
16615
16614
16611
16610
16609
16608
16607
16606
16604
16603
16602
16601
16599
16598
16597
16595
16594
16593
16591
16590
16588
16587
16585
16584
16583
16581
1193
3102
16572
16571
16570
16569
16565
16564
16562
16561
16559
16558
8970
16556
16555
16554
16553
16552
16550
16549
16548
16478
16536
16535
16534
16531
16530
16529
17772
16526
16525
16522
6860
16518
16517
16516
16514
16511
16510
16509
16508
16506
18882
16499
16498
16495
16493
19762
16491
16487
16486
16485
16484
16482
16481
19397
16475
16473
16472
16471
16469
16468
16465
16462
16458
16456
16454
16453
16452
16451
16450
16449
16448
16447
16446
16444
16442
16441
16439
16438
16437
16436
16435
16434
16432
16430
16429
16428
16427
16426
16424
16422
16420
16418
16416
16414
4798
16410
16407
16405
16404
16403
16402
16400
16399
16398
16397
16396
16393
16392
16391
16388
16387
16385
16384
16382
16380
19152
16378
16376
16372
16371
16370
16369
16366
16363
16362
16361
16360
16359
16356
16354
16353
16352
16348
16346
16345
16344
16342
16339
1116
16329
16327
16325
19052
16323
16318
16317
16310
16308
4110
16306
16304
16303
16302
16298
16296
16295
16291
16286
16285
16282
16276
16275
16272
16270
16268
6738
16264
16261
16259
16256
16254
16251
16250
1705
19223
16244
16243
16239
16238
16237
16235
16234
16233
16232
16230
16229
16228
2220
16222
16220
16219
16218
16216
16212
16211
16209
16206
16205
16204
16203
16201
16197
16193
16192
16190
16186
16185
16184
16182
16181
16180
16178
16175
16173
16172
16168
16165
16164
15959
16162
16159
16157
16155
16153
16151
16150
16149
16147
16145
18535
16143
16142
16141
16140
16139
16138
16137
16136
16135
16134
16133
16132
16129
16128
16127
16126
16125
16123
16122
16121
16120
514
16112
16110
16109
16108
16106
16103
16099
16098
16096
16095
16092
16091
16084
16083
16079
16078
16076
16075
16073
16072
16069
16068
16065
16064
16063
16062
16061
4135
16057
16055
13210
16052
16047
16044
16041
16040
16039
16038
16037
16036
16035
16034
16033
16031
16030
16028
16025
16024
16022
19736
19668
16018
18362
16011
16010
16009
16008
16004
16001
16000
15999
15997
15996
15995
15994
15993
15992
15991
15990
15987
15984
15983
15981
15980
15979
15977
15973
15972
15970
15969
15968
15967
15966
15962
15960
2236
15958
15956
15951
15949
15947
15945
15940
15939
15938
15937
15934
15932
15930
15929
15928
15926
15924
15923
15922
15921
15920
15919
15917
15916
15913
17674
15908
15907
15906
15903
15901
15897
15895
15894
15892
15889
15888
15887
15886
15885
15882
15879
15878
15873
15872
15871
15870
15869
15865
15863
15862
15861
15859
15858
15857
15856
15852
15851
15849
15845
15844
15843
15842
15839
15837
15836
15835
15831
15830
19063
15828
16733
15822
18200
15819
15818
15817
19734
15815
19047
15812
15811
17673
19875
15807
15806
15805
15804
15802
15800
15798
15797
15796
15793
19562
15789
18875
15786
15785
15784
15782
14753
15776
15775
15774
15772
15769
15768
15767
15764
8570
15758
15757
15756
15754
15750
15749
15742
15739
15738
15735
15734
15733
15729
15727
15726
15724
15723
15722
15718
15717
15716
15715
19235
15708
15704
15700
15694
15687
15686
15684
15683
15682
15680
15679
15678
15677
15676
15674
15673
15669
15668
15665
15664
15662
18702
15659
15653
15650
15649
15647
15646
15644
15640
15639
10458
1012
18530
15632
15630
15626
15625
15624
15622
15621
15620
15619
15618
15617
15616
15614
19666
15608
15607
15603
15602
15601
15600
15599
15594
15593
15592
15591
15589
15588
15587
15586
15582
15579
15572
15568
15566
15564
15562
15561
15560
15559
15558
15557
15556
15555
15554
15552
15551
15550
15549
15544
15541
15539
15538
15537
15536
15535
15532
15531
17842
15528
15527
15526
15525
15522
15519
15516
15515
15514
15511
15510
19044
15507
15506
19413
15503
15501
15499
15498
15493
15492
15491
15486
15485
15484
15482
15480
15478
15477
15476
15474
15473
15469
15468
15467
15465
15464
15463
15462
1869
15457
15456
15454
15451
15450
15448
15447
15444
15443
15441
1379
15437
15435
15433
15431
15428
15426
15423
15422
15421
15420
15418
15416
15415
15412
15410
15407
19043
17669
15399
15398
15395
15394
19816
15391
15387
15385
15383
15380
15378
18543
15375
15372
15371
15369
1629
19147
15363
15362
15361
15360
11314
15358
15357
15355
15354
15353
15352
15350
15349
15348
15341
15340
15339
15336
15333
19901
15331
15330
15329
15328
15326
15325
15323
15322
15317
15316
15315
15312
15310
15309
15307
15305
15303
15301
17668
15298
15297
15296
15294
15293
15292
19837
15288
15286
15284
15283
15280
15279
15277
15276
15274
15273
15272
15270
15265
15264
15263
15259
15258
15257
946
15253
15252
15251
15247
15245
15244
15241
15240
15239
15237
15236
15233
15232
15231
15230
15229
15227
321
15223
15219
15091
15216
15215
15214
15213
15212
15211
15209
19664
15204
15203
15202
15201
15200
15196
15195
15192
15190
15189
15188
15187
15180
15178
15176
15172
15171
15170
15169
15168
15166
15164
15163
15161
15159
15158
15157
15154
15151
15149
15142
15140
15139
1369
15137
15132
15131
15129
15126
19527
15124
320
15121
15116
15115
15113
15112
15110
15109
15106
19727
15101
15100
15099
18353
15097
15093
15092
4648
15089
15087
15085
15083
15082
15078
15077
19555
15071
15070
15065
15064
15062
15061
15060
15059
15058
15057
15056
15055
15053
15051
19383
1178
491
15046
15045
15042
15041
15039
15037
15034
18455
15030
15028
15025
1006
15022
9078
15020
15016
15013
15012
15011
15010
15006
15003
14998
16060
14995
14993
14992
14990
14989
14988
14982
14978
14975
14974
14973
14972
14971
14970
14967
14966
14962
14959
14957
14953
14951
14950
14949
14948
14947
14946
14945
14944
14940
14939
14938
14936
14935
14933
14930
14929
14927
2050
14925
14923
14922
14921
14919
14917
14916
14911
14910
14909
14907
14906
14904
14903
14901
14900
14899
7886
14897
14896
14895
14893
14892
14886
14885
14883
14882
13542
14879
14875
14873
14872
14869
14868
14866
14864
14863
14860
14859
14855
14854
14848
14847
14846
14845
18694
14843
18007
14841
14839
14834
14833
14832
14831
14827
14826
14825
2378
14822
14819
14817
17835
14814
14813
14811
14809
14808
14807
14803
14802
14798
14797
14794
14793
14790
14789
14788
14787
14786
14785
14783
14782
14781
14780
14779
14778
14777
14776
14775
14772
14770
1347
14768
14767
18178
14759
14758
14757
14756
4610
14750
14749
14748
14747
14746
14743
14741
14737
14732
14719
14718
14717
14715
14714
14712
14711
1108
14709
14707
14704
14703
14698
14697
14695
14694
14692
14689
14685
14684
14683
14682
14678
14676
14674
14672
14669
14667
14666
14663
14662
14660
14658
14657
14655
14653
14652
14650
14649
14648
14647
14644
14642
14639
18005
14637
14634
14633
14632
14629
14627
14624
14622
14620
14618
14617
14616
14615
14613
14612
14611
14610
14608
14606
14604
14602
14600
14598
14596
14594
14593
14592
14591
1280
14589
14587
14584
14583
14579
14578
14574
14568
14567
18863
14563
14558
14557
14556
14555
14550
14549
14547
14544
14543
14542
14541
14540
14539
14537
14532
14531
14527
14523
14521
14520
11821
14518
2375
14516
14514
14513
14512
14511
14508
14507
14504
14502
5638
14500
14499
14498
14497
14493
14491
14489
14488
14487
14486
14485
14484
14483
14482
14481
14479
14478
14476
14474
14472
11376
14470
14468
10790
14464
14463
14459
14456
14455
14454
14452
14451
14449
14448
14447
14445
14444
14441
14436
14435
18003
14432
14429
14428
14427
14424
14419
19919
14416
14415
14414
14413
14411
14408
14406
105
14402
14401
14400
14398
14396
14394
14391
19033
14382
14378
14377
14375
14374
14372
14368
14361
14360
14357
14354
14352
14351
14348
14346
14342
14341
19376
1171
14334
14333
14332
14330
14327
14325
14322
14321
14318
14317
14316
14315
14311
18517
14307
14305
18624
14301
14300
14299
14298
14296
14295
4262
14291
14290
14289
14287
14284
7475
14281
14280
14279
14277
14276
14275
14274
14273
14270
1451
14261
14260
14258
14255
14254
14253
14252
14251
14247
14241
14236
14233
14232
14231
18001
14228
14227
14225
14224
14223
14222
13879
14218
14217
14214
14212
14211
14210
14209
14206
14204
14203
14199
14197
14192
14189
3608
14186
14185
14182
14181
14180
17553
14177
14175
14174
14173
14172
14170
14168
14167
14162
14161
14160
18537
14158
14153
14151
14149
14148
14144
14141
14140
14139
14136
14133
18687
14129
14128
14127
14126
14125
14124
14122
14120
14118
14116
14112
19889
14106
14104
14103
14100
14099
14097
14092
14091
14089
14082
14081
14080
14077
14076
14074
14073
14072
14067
14066
14063
14062
14061
14060
14059
14058
14057
14056
14308
9412
14052
14051
14050
14049
14042
14041
14034
14033
14031
19373
18686
14027
14026
14025
14024
14022
14021
14020
14019
14017
14013
14010
14008
14007
14006
14004
14002
14000
13998
13996
13995
13992
13990
13987
13986
18025
13981
13980
13978
13975
13974
13973
13972
13971
13970
13969
13968
13967
13966
19399
13964
13959
13958
13957
13955
13954
1339
13951
13949
13948
443
13943
13942
13941
13937
13936
13934
13932
13931
13930
19372
13926
13924
13922
13920
13919
13918
13917
13916
13915
13914
13907
2369
13904
13900
13899
13896
13890
13888
13886
13885
19226
13881
2197
13878
1510
13874
13873
13868
13864
13861
13860
13859
13858
13857
13856
13854
13851
13850
13847
13846
13845
13844
13842
13839
13838
13836
13835
13833
13832
13831
13830
13828
13822
13820
13818
13817
13816
13814
13811
19066
13809
13807
13806
13805
13804
13803
13802
13800
13799
13798
13796
13795
13792
13789
13788
13787
13786
13785
13784
13782
13779
13778
13777
13776
13769
13768
13766
13762
13760
13756
13753
13752
13751
13749
13747
13745
13742
13739
13735
13734
13733
13732
13730
13729
13728
13727
13726
13725
13724
13723
16814
13714
13713
13712
13710
13709
13708
13707
13705
13702
13701
1680
13698
13696
13695
13694
13691
13687
13686
13685
13684
13683
17563
14336
13678
13677
13675
19713
1508
13671
18339
13669
13668
13667
13663
13662
13661
13659
13658
13656
13654
13653
13652
13651
13646
13644
2052
13641
13639
13638
13637
13635
13633
13632
13630
13629
13628
13625
13621
13620
13619
17995
13617
13616
13614
13612
13609
5114
621
13603
13602
13600
13598
13596
13595
13594
13592
13591
13590
13586
13584
13581
13580
13578
13577
13575
13574
13571
13568
13567
17651
13564
13563
13562
13561
13559
13558
13557
13553
13552
13550
13544
153
13541
13540
13539
13538
13537
13535
13531
13530
13529
13528
13521
13518
13515
1361
13510
13507
13506
13505
13503
13502
13501
13500
13499
13498
13497
13496
13495
13494
13491
13490
13488
13486
13484
13481
13479
13476
13470
13469
13467
13465
17650
13462
13457
13456
13455
13454
18369
13450
13449
13445
13444
13442
13439
13438
13436
13435
13434
13433
13430
13429
13428
13426
13423
13421
13418
13417
13416
17993
13412
13411
13410
13409
13408
13407
13406
13399
13398
13396
2364
13394
13392
13391
13390
17821
13387
13384
13382
13381
13379
13377
13373
13372
13371
13369
19710
19023
13365
13364
13363
13361
13360
13359
13357
13356
13354
13352
13351
13350
13347
13346
13344
13343
19538
13336
13335
13331
13330
13328
13324
13321
2223
13319
13317
13315
11284
13312
13311
13310
13309
13306
13304
13303
13302
13300
13299
13296
13295
13294
13293
13292
13285
13283
15759
13279
13277
13275
13272
13271
13268
13266
13265
19022
13263
13258
13256
13253
13247
13243
18101
13241
13238
13237
13235
13232
13229
13228
13226
1196
13223
13222
13221
13219
13218
13216
13214
13212
17991
6484
13201
13200
13194
13193
13190
13189
13187
13183
13182
13180
13179
13176
13174
13173
13172
13170
13169
13168
13165
13164
13162
18334
17647
13157
13155
13153
1772
13150
13148
13147
13143
13140
13139
13138
1331
13136
18162
13133
13131
13130
13129
13128
13127
13123
13122
13121
13120
13119
13117
13116
13115
13113
1359
13107
13106
13104
13102
13100
13099
13098
13097
13095
13094
13092
13090
19879
13087
13083
13082
13080
13079
13077
13070
13065
13063
13058
17646
13055
13054
13051
13048
13046
13042
13041
13036
13035
13034
13033
13031
13030
13029
13028
13027
13026
13025
13024
13023
13020
13019
13017
13015
13014
13013
13012
13011
13009
13008
13007
13006
13005
13004
13003
1546
13000
12998
12996
12995
17582
12990
12988
12987
1673
12984
12983
12982
9058
12978
12976
12973
12972
12969
12967
12966
12964
12962
2188
12960
12959
14130
17645
12953
2757
12951
12950
12944
12939
12938
12935
12934
18160
12929
12926
12923
12922
18588
12920
12914
12913
12912
12908
12905
12901
12898
12897
12894
12893
12892
12891
12889
12888
12886
12883
12881
12880
12879
17816
12877
12876
12875
12874
12871
12868
12867
12865
12863
12861
12856
19825
12853
12852
12851
12850
12848
12846
12844
12843
12842
12841
12840
12839
12835
12833
12832
12831
12830
12829
12824
12823
12819
12816
12815
12812
12809
12807
12806
12805
12804
17987
12799
12798
12797
12796
12795
12793
12791
12790
12788
12787
12786
12785
12784
12781
12780
12779
12776
12773
12772
12771
12768
12767
12766
12765
12763
12762
12759
12756
12754
12753
12750
12749
12748
12747
12744
12742
12741
12739
12738
12737
12736
12735
12730
12729
12728
12727
12726
12722
12721
12720
12719
12718
12715
12713
12712
12711
12710
12709
12708
12707
12706
1842
12704
18673
12701
12699
12698
12697
10418
12692
12690
12689
12687
12683
12682
12681
12680
983
12676
12675
12674
12672
12671
12670
12669
12668
12667
12663
12662
12661
12659
12658
12657
12656
18357
12654
12653
12652
12651
12650
12649
12647
12644
12643
12642
12641
12640
12639
12636
12634
12632
12631
2013
12623
12622
18997
12618
12614
12611
12608
12607
12605
12601
12600
12598
925
12594
12593
12591
12590
12588
12587
12586
12585
12581
12580
12576
982
12573
12572
12571
12568
12567
12563
12562
12561
12558
12557
12555
12552
407
12550
12548
123
12546
12545
12544
12543
12542
12539
12538
12533
12532
12530
12526
12521
12520
12514
12511
12510
12505
12502
12501
12498
12496
12493
12488
12486
12484
12483
12482
12478
12477
12475
12474
12470
12469
12467
12466
12465
12464
12463
12461
12460
12457
12456
12455
12454
12453
12452
12451
12447
12446
122
12444
12439
12436
12434
12433
12432
12428
12425
19564
12423
12420
12416
12409
12406
12405
12400
12397
18670
12393
12390
18135
12387
12384
12382
12379
12375
12374
12372
12371
12370
12369
12363
12362
12360
12357
12356
12353
17040
12350
12347
19013
12345
12343
12341
12337
12335
12334
12331
12330
12329
12327
12324
12323
12322
12321
12320
12319
12317
12316
12314
12312
12309
12307
12305
12304
12302
12301
12299
19356
12294
12292
12291
12290
12289
492
12285
12283
12282
12281
12280
12279
12277
12276
12274
12273
12270
12269
12268
12265
12264
12262
12261
12260
6303
12254
12252
12251
12249
12248
12247
19699
12240
12239
12237
12235
12233
12232
12231
12228
12227
12225
12224
12222
12221
12220
12218
12216
12212
12208
12206
12204
12203
12202
12201
12199
12198
12197
12196
12195
18668
12189
12187
12185
12184
12183
12181
12179
12178
12176
12171
12169
12165
12164
12163
12162
12161
12158
12156
12155
12153
12150
12149
12148
12147
12146
1493
12142
12140
12139
19390
12137
12136
12131
12130
12129
12124
12123
12122
12121
12120
12116
12115
12112
12109
12108
12107
12104
12103
14030
12101
12100
12095
12094
12093
12089
12084
12083
12078
12077
12076
12075
12073
12072
12071
12070
12069
12067
12066
12065
12063
12060
12058
12055
12052
12051
12050
12049
12048
18354
12045
12044
12043
12042
12040
18323
118
12036
12033
12032
12031
12030
12029
12024
12023
12021
12020
12014
12011
12010
12009
12008
12004
12003
12002
12000
11999
11995
11993
11992
19353
11989
11987
11985
11983
11982
11977
11976
18076
11969
11968
11967
11965
11964
11961
17807
11959
11953
11952
11946
11945
11941
11937
11935
11934
11933
11926
11924
11921
11919
11917
11916
11915
11914
11913
11911
11910
11909
11906
11905
11904
11903
11902
11901
11897
11896
11895
11894
11892
11889
11888
11884
11883
17291
11880
11878
11877
11873
11872
11864
11863
11862
11861
17806
3266
11856
11855
11854
11852
11851
11847
11844
11843
11839
11838
11836
11835
18321
11833
11832
11829
11828
11824
11822
8164
11814
11813
11812
11810
11809
11808
11807
18698
11803
11795
11794
11792
11791
11788
11784
11783
11782
11780
11779
11778
11777
11775
11773
11772
11767
11764
11762
11761
11760
11758
11757
17805
11755
11753
11752
11751
11749
11748
11747
11746
11745
11743
11740
11739
11738
1870
18320
11731
11730
7500
11726
11724
11721
11720
11719
11718
18412
11712
11711
11710
11707
11705
11703
11702
11698
11696
13606
11691
11688
11686
11685
11683
18663
11681
11678
11675
11671
11669
11668
11667
11666
11664
11663
11662
2347
11660
11659
11658
11657
11656
11655
11653
11651
11649
11648
11647
11646
11645
11644
11643
11641
11640
11635
11634
11633
11632
11631
11629
11628
8186
11626
11624
11621
11620
11619
11618
11617
11616
11615
11613
11611
11610
11609
11608
11607
11606
11605
11604
11603
11598
11594
11589
11588
11586
11583
11582
11578
11577
11576
11575
11574
11573
11572
11570
11567
11564
11563
11562
11561
11560
11559
11557
17556
285
17803
11548
11546
11545
11544
11543
11542
11535
11534
11531
11530
11529
11528
11523
11522
11518
11515
11512
1610
11507
11503
11502
11501
11500
11498
2214
11491
11488
11484
11481
19348
11478
11475
11472
11468
11467
11466
11465
11460
11459
11458
11454
11453
11452
11451
11447
11446
11445
11443
1824
11432
11431
11430
1486
11427
11425
9031
11420
11419
11417
11415
11412
11411
11410
11409
11408
11407
11406
11403
11402
9386
11400
11399
11398
11396
11395
11394
11392
11391
14710
11385
11383
11380
11377
18660
11375
11373
11371
11368
11367
11366
11365
11364
11363
11362
11361
11360
11359
11358
11357
11356
11355
11354
11353
11350
283
11348
11345
11344
11343
11342
11341
11339
11338
11337
11336
11335
11334
11333
11332
11329
11328
19003
11325
111
11321
11319
11317
11316
11315
14881
11310
11309
11308
11306
11305
19127
11303
11299
11297
18264
11294
11292
11291
11290
19731
11288
11274
11283
11282
11281
11279
11275
18659
11273
17972
11271
11270
11268
11264
11263
11261
11260
11258
11257
11256
11254
11253
11252
9728
11246
11245
11242
9439
11240
11236
11235
11233
11231
11229
11228
11224
11223
11221
11220
11218
11217
11216
11214
11209
11208
11206
11203
1999
11200
11198
11196
11194
11193
11187
11186
11185
11183
11181
11179
11178
11177
11176
11174
11169
11168
11167
11164
11163
11162
11161
11158
11157
11154
11151
11149
11148
11147
11146
11145
11143
11142
11139
11134
11133
11132
11131
11129
11128
11124
11120
11119
11117
11113
11112
11108
11107
11105
11104
1476
11100
11099
11097
11095
11094
18263
11091
11089
11088
11087
11086
11083
11082
11078
11076
11074
11073
11072
1139
11068
11067
11060
11058
11057
11054
11053
11050
11049
11048
19172
11044
280
11041
11039
11036
11034
11033
11032
11027
11024
11023
11022
11020
11019
11018
11015
11013
11012
11010
11003
11002
10999
10998
10996
10992
10990
10988
10986
10983
10982
10979
10978
10977
10975
10974
10973
451
17969
10965
10964
10962
10961
10956
10954
10953
13160
10949
10948
36
10946
19859
10942
10940
10938
10935
10932
10931
10930
10928
10925
10921
19686
10919
10918
18312
10915
10914
10913
10911
10909
10906
10905
17658
10897
10896
1309
10892
10891
10890
10889
10887
10882
10881
10879
10878
11272
10875
10874
10872
10869
10866
10862
10861
10860
10859
10855
10852
10851
10848
10844
10843
10842
10841
17796
10836
10828
10826
10823
10822
10820
10819
10818
10817
10816
10815
10814
8865
10812
10811
10810
10809
10807
10806
10805
10804
10803
10800
10797
10795
10794
10793
10792
10791
18826
10789
10786
10785
10784
10780
10779
10777
10776
10773
10772
10770
10769
10767
10765
10762
10760
10756
10752
13158
10747
10744
10742
10741
10739
10738
10737
10736
10735
10734
10733
10732
10727
10725
13673
10723
10718
10717
10714
10713
10712
10711
10706
10701
10698
10697
10694
10691
10690
10687
10686
10685
10683
10682
10678
10677
10676
10674
10673
10672
10671
10668
10667
10665
10664
1135
10662
10661
10659
10656
10654
10648
10645
10644
9716
10642
19855
10639
19168
10632
10630
10629
10628
10627
10625
10616
10613
10611
10610
10609
10607
10604
10602
10599
10598
10595
10594
10592
10589
19511
10585
10584
10581
10577
10576
10575
10574
10573
10572
10571
10568
10567
10563
10561
10559
10558
10557
10556
10555
10554
10553
10552
10551
15217
10547
10546
10543
10542
10541
10539
962
13514
10533
10529
1360
10525
10523
10521
10516
10515
10514
10513
10510
10507
17621
10500
10499
10498
10497
10495
10493
10491
265
10487
19510
10481
10480
10478
10477
10475
10473
10472
10469
10467
10465
10463
10462
10461
10460
10459
18651
10455
10447
10446
2335
10436
10435
10434
10432
10431
10430
10429
10428
10426
10424
10423
10422
10421
10420
19813
10416
10415
10414
10410
10409
10407
18307
10405
17620
10403
10400
10399
10397
10396
10392
10389
10388
10387
10386
10385
10384
10381
10380
10378
10376
10374
10373
10371
10368
10367
10366
10365
10362
10361
10360
10359
10357
10355
10354
10353
7830
10346
10344
10342
10341
10340
19857
10335
10334
10331
10329
10328
10327
10325
10323
10320
10315
10314
10313
10312
10310
10309
10307
18306
10303
10302
10300
10296
10295
10293
7731
10289
10288
10287
10282
10275
10273
10272
10269
10268
10267
10264
10262
10261
10260
10256
10254
10251
10250
10248
10245
10242
10241
10232
10228
10227
10226
10224
10223
10220
10219
10218
10217
10214
10213
10211
10210
10209
10208
1431
10205
10204
10203
10202
10198
10197
10196
10194
10193
10192
10190
10185
10182
19507
10179
10173
10171
10170
10168
10167
10165
10162
10161
18431
10158
10157
10152
10151
10149
10147
19576
10143
10142
5080
10137
10135
2121
10132
10131
10404
10124
10121
10120
10114
10112
10111
16053
10108
10107
10106
10105
10104
786
10099
10098
10097
10096
10095
10093
10090
10089
10088
10086
10082
10081
10080
10078
18132
10072
10071
10070
10067
10066
10064
10058
10057
10054
10053
10052
10051
18647
10048
10046
10040
10038
10036
10034
10033
10028
10027
10026
10025
270
10021
10019
10018
10017
10016
10015
10012
10009
10007
10006
10005
10004
10003
10002
10001
18303
98
9994
9993
9990
9989
9988
9985
9982
9981
9979
9977
9973
9970
9969
9968
9967
9966
9961
9960
9959
9958
9957
9955
9952
1815
9950
9948
9946
9941
9940
9939
9938
9933
9927
9926
9925
9924
9921
9915
9914
9913
9911
9910
9909
9908
9905
9903
9902
9901
9900
9898
9896
10838
9891
9890
9886
9884
9883
9879
9878
9876
9875
9874
9873
9871
9870
9869
9868
9867
9864
9863
9862
9861
9860
9859
9858
9856
9851
9849
9848
9847
9846
9845
9844
9843
9842
9841
9840
9838
18602
9835
9832
9828
9827
9826
9824
9822
9819
9816
9813
9811
9809
9807
2222
9799
9798
9797
9796
9795
9794
9790
9789
9787
9786
9785
9784
9782
9779
9778
9777
9776
9774
9773
19503
9771
9770
9768
9766
9765
9764
9763
9762
9758
9757
9756
9754
9750
9749
19896
9747
9746
9743
9741
9739
9738
9737
9736
9735
9734
9733
9732
9731
9730
19394
9727
9726
9725
19846
9720
9717
17715
9712
9710
9709
9707
9706
9704
9699
9698
9697
18987
9690
9688
9687
17652
9683
9681
9680
9679
9677
9675
9673
9671
9668
9667
18128
9664
9661
9658
9654
9649
9647
9646
9645
1125
9641
9639
9638
9636
9635
9633
9631
9629
9628
9625
9621
9614
9613
9612
9611
9610
6964
9608
19809
9605
9604
9603
9597
19673
9590
9588
9586
9584
9582
9579
9578
9576
9574
19501
18814
9560
9559
9558
9557
9556
9553
9552
9550
9548
9546
9545
9544
9543
9541
9539
17955
9536
9535
9534
9531
9530
9527
9526
9523
9518
9517
15076
9513
17783
9511
9506
9504
9503
9502
9497
9494
9493
1467
9490
9489
9488
9485
9484
9482
9480
9478
9474
9471
9469
9466
9465
9461
9458
9456
9453
9449
9447
9446
9444
9442
1810
1123
9437
17954
9434
9433
9432
9429
9428
14519
9424
9423
9421
9420
9418
9417
9415
9414
951
18469
9411
17782
9406
9401
9398
9397
9395
9393
9392
1466
9538
9385
9384
9383
9381
9380
9379
9378
9376
9373
9372
9370
8762
9367
9366
9364
9363
9362
9361
9359
9358
9354
9353
15377
9349
9348
9346
6278
9340
1809
9336
9335
9327
9326
650
9321
9319
9318
9317
1637
9312
18468
9308
9306
9305
9302
9301
9299
9295
9294
9292
9290
9289
9288
9285
9284
9282
9281
9280
9278
9277
9275
9274
9273
9272
9269
9266
9261
9260
9257
9254
9253
9252
9250
9249
9247
9244
9243
9238
9237
9230
9228
9224
9221
9219
9218
9215
9214
9212
9211
9210
9207
9201
9198
9194
9192
9189
9187
18982
9183
9182
9181
9179
9177
9176
9175
9174
9172
9171
9170
9169
9165
9163
9162
19497
9159
9153
9152
9149
9148
9147
908
9145
9144
9142
9141
9139
9138
9137
9136
9135
9133
9130
9127
9126
9125
18167
9118
9117
9115
9113
9112
9109
9108
9106
9101
9100
9098
9096
9094
9088
9086
9085
9084
9079
17607
9077
9076
9075
9074
9072
9071
9067
9065
9062
9061
9060
19496
9057
9054
9053
9052
9050
9047
9040
9038
9036
9035
9034
9032
1119
9028
9026
9025
9023
9022
9020
9017
9015
9013
9012
9011
9010
2321
9008
9007
9006
947
9004
9003
9000
8999
2288
8996
8995
8994
8990
18943
8982
1522
8979
18293
8977
8974
8972
8971
3496
8969
8968
8966
8964
8963
8962
8959
8958
8956
8955
8954
8953
8952
8951
8947
8946
8943
8942
8941
8938
8937
8936
8935
8934
8933
8932
8931
8930
8929
8928
8927
8926
8925
8924
8920
8919
8918
8916
8912
8910
8903
8898
8897
8896
8895
8894
8891
8890
8887
8886
8885
8884
8883
8882
8881
8880
1461
8877
8876
8875
8868
8867
5411
8862
8861
8860
1124
8849
8848
8847
8846
8845
8843
8841
8839
8837
8836
8834
8833
19322
8827
8826
8825
8821
8820
8813
8812
8810
8808
8804
19150
945
8800
8794
8790
8789
8788
8787
8786
8785
8784
8783
8782
8781
8780
8778
1460
18079
8775
8774
8773
8772
8771
8770
8769
8766
8765
8764
8763
1165
8761
8760
8757
8756
8753
8752
8749
8746
8745
8743
8740
8737
8736
8728
8727
8726
8725
8720
8718
8715
8713
8712
8711
8710
8708
8707
8706
8703
8702
8700
8699
8696
8695
8694
8691
8686
8682
10916
8678
8677
8676
8674
8672
8671
8668
8667
8666
1181
8662
8661
8660
8659
8658
1319
8656
8655
8654
8653
8652
8651
8650
8649
18805
8646
8645
17431
1337
8641
8640
8636
8633
8632
8629
8628
8627
8626
8623
8621
8620
8618
8616
8614
6439
8611
8609
17
8605
8604
2317
8600
943
8596
19275
8587
8583
8581
8579
8578
8575
8574
8571
18289
8568
8567
8562
8558
8556
8551
8550
8549
8548
8544
8543
8542
8539
8533
8532
19890
8529
8526
8522
8518
8517
8516
8515
19851
8512
8509
8508
8505
8504
363
8499
19834
8497
8496
8494
8493
8491
8490
8488
8487
8484
8483
8480
8479
8477
8476
19662
8471
8470
8468
8467
17601
8465
8463
8462
8461
8460
8459
8457
8455
8452
8449
8448
19717
8446
8444
18116
8440
8438
8436
8435
8432
8431
8426
8425
8424
8421
8420
8417
8415
8414
8412
8410
8409
8407
8405
8404
8402
8400
8398
8396
8394
18336
8391
8390
8387
8386
8384
8381
8379
8378
8376
8370
8369
8367
8366
8363
8362
8361
8357
8356
8350
8346
8345
8341
8340
8338
8336
8335
8334
8330
8329
8325
8324
8323
8322
8317
8315
8314
8313
8312
8311
8309
8308
8307
8306
8304
8302
8298
8296
1055
8294
8291
8290
8282
8280
8279
8278
8277
8276
8273
8271
8270
8269
8267
8266
8263
8262
8259
8256
8255
8254
8249
8248
8498
8244
8243
8242
8238
8237
8236
8233
8232
8231
8229
8228
8227
8216
8214
424
8209
8208
8207
8205
8204
8203
8202
8201
8200
8199
8198
8197
8196
8194
2313
8192
8191
17770
8185
8183
8182
8180
8179
8178
14335
8175
8173
8172
8171
8169
8168
8167
18972
8163
18285
8161
8156
8155
8152
8150
8149
8146
8145
8144
8143
8142
8140
8135
8134
8129
8126
8122
8121
8119
8118
8115
8114
8111
8110
8108
8106
8105
8101
8099
8098
8097
8096
8094
8093
8091
8089
19143
8084
8083
8082
8080
8075
8073
8071
19992
8068
8066
8065
8062
8061
4867
6777
8051
8049
8047
8046
8045
8043
8042
8036
8035
8033
8030
8028
8026
8025
471
17989
8021
8016
8014
8013
8012
1109
8010
8009
8006
8005
17730
8000
7998
7997
19197
7994
7991
7990
7984
13280
7980
7979
7978
7976
7973
7970
7969
7965
7964
7962
7961
7959
7958
7955
7953
7952
7951
7949
7948
7947
7943
7942
7941
7940
7939
7938
7937
7936
7935
7934
9352
7931
7929
7928
7927
7926
7922
7920
7919
7917
7916
7914
7912
7910
7909
7908
17939
7904
7901
7900
7898
7896
7895
11756
2310
19828
7885
7884
17767
7876
7873
17925
7870
7869
4924
7863
7861
2162
7858
7855
7854
19110
7852
7849
7846
7842
7841
7839
7838
7836
7832
18110
7824
7823
7818
7817
7815
7813
7811
7810
7809
1107
7806
7805
7804
7803
7802
7800
7798
7796
7794
7793
7792
7786
7785
7783
7782
2282
7779
7778
7775
7774
7772
7767
7766
7764
7762
7761
7758
7757
7753
7752
7751
7749
7748
7746
7742
7740
7739
7736
7735
7733
1278
7729
7725
7724
7720
7718
7717
7716
7715
7713
7710
7709
7704
7702
7701
7700
7699
7697
7693
7691
7688
7684
7682
7680
7679
15123
7673
7672
7671
7670
7662
7661
7660
7659
2136
7654
7652
7651
7650
7649
7648
7646
7644
7643
7642
7640
7638
7637
7636
7635
7634
1277
7627
18108
7625
7624
7622
7616
7615
7610
7607
7606
7605
7602
7600
7599
7594
7593
7592
7591
14501
7589
7588
7586
7585
7583
814
7580
7579
7578
7575
7574
7571
7570
7569
7568
7567
7566
7563
7562
7560
7559
7558
7557
7556
7555
7554
7553
7552
7551
7549
7547
7545
7543
7541
7539
7538
7534
7533
7531
7528
7525
7523
7522
7521
7520
7513
7511
7508
7506
7505
7503
7502
7501
18622
7498
7497
7496
7490
7488
7487
7486
7484
7483
7481
7479
7478
7477
19137
17900
7470
7469
7468
7465
7464
7461
7459
7458
7456
7455
7454
7453
2099
7450
7449
7448
7447
7446
7444
7443
7441
15530
7435
7432
7426
18793
7423
16519
7419
7415
7412
7410
7408
19995
7401
7399
7398
7396
7395
7392
7391
7388
7385
7383
7382
7381
7380
7377
19136
7372
7371
7370
7369
7368
7367
7366
7365
7363
7362
7360
7356
7354
7353
7350
7349
7347
72
7344
1158
7339
7337
14842
7335
7334
7332
7330
7329
7327
7324
7323
7321
18105
7318
7317
7315
7314
7313
7312
7311
7310
7309
7308
7305
7304
7303
7299
7298
7297
17933
7293
7292
7291
7290
18973
17449
7284
7283
7282
7281
7279
7277
7276
7275
7273
19135
7271
7269
7268
7262
6254
7259
7258
7257
7256
7255
7254
7253
7252
7251
7249
7248
7246
7244
7243
7241
7240
7238
7233
7232
7227
7226
7225
1273
7220
7218
7217
7216
7215
7213
7211
7209
7208
7205
7202
7201
7200
7198
7195
7194
7193
7191
7190
7188
7187
7184
7183
7182
7178
7177
7175
7174
7171
7169
7168
7167
7164
7163
7162
7161
7160
7159
7155
7154
7153
7152
7151
1099
7146
7145
9516
7138
7135
7133
7132
7125
7124
7123
7122
7120
7116
7113
7111
7110
7108
7107
7106
7105
7103
7100
7099
7098
7097
7096
7095
7094
7093
7092
7091
17931
7087
7085
7084
7082
7080
7077
7076
7074
7073
10304
7069
7068
7067
7065
7058
7057
7055
7054
4191
7050
7049
7043
7039
7038
7037
7036
7030
7029
7028
7027
7025
7019
7018
7017
7015
7014
7013
7012
16728
7006
7005
19451
7003
7002
7001
6999
1346
6996
6995
6991
6990
6989
6988
6987
6986
6984
6983
6981
6980
6977
6976
6968
6967
6966
6965
18445
6963
6961
6958
6957
1814
6949
6948
6942
6941
6939
6937
6936
18674
6929
6928
6927
6926
6925
6923
6921
6920
6918
1957
6916
6913
6912
6911
6908
6907
6906
6905
6903
6899
6898
6897
6896
6894
2472
6892
6891
6890
6889
6888
6887
6884
6881
6878
6876
6875
6874
6872
6870
6868
6867
6864
6862
6861
17757
6856
6855
6854
6852
6851
6849
6847
6846
6844
6841
19646
6836
6834
6831
6829
6827
6825
6823
6822
6820
15049
6814
6813
6812
6809
6806
6800
6798
6794
6789
6788
6786
6785
6783
6781
6780
6779
19191
6774
6772
6770
6768
6765
19795
6761
6760
6759
17756
6754
6752
6751
6746
6744
6743
6742
6741
19645
6737
6736
6732
6731
6730
6729
6726
6725
6724
6723
6721
6717
6716
11401
6713
6712
6709
6707
6705
6704
6700
6699
6697
6691
17540
6689
6687
18155
6684
409
6680
6679
6678
6677
6675
6674
6673
6669
6668
6664
6663
6662
6661
6660
6658
6657
6656
6653
6652
6650
6649
6647
19967
6641
6640
6638
6637
6634
6631
6630
6629
6626
6625
6623
19708
6619
6618
6617
6615
19499
6611
6609
6608
9339
6605
6604
6603
6598
6597
6596
6594
6593
6592
6591
6589
6586
6582
6581
6578
6577
6575
6574
6572
6571
6570
6569
6568
6567
6565
6564
19815
6559
6558
6557
6555
6552
6549
6934
6547
6546
6544
6542
1635
2812
6534
1438
18956
6528
6527
6525
6524
6522
6521
6520
6519
6518
11682
6510
6509
19471
6506
6505
6504
1923
6500
6496
6494
6493
6492
6491
6486
19986
6482
6480
6479
6478
6477
6476
6474
6473
6471
6470
6469
6463
6461
6460
6459
6456
6455
6454
6453
6452
6450
6449
6445
6444
6443
4185
6438
6436
6434
6432
6431
6429
6428
6427
6424
6423
6422
6421
6419
6417
6414
6411
6409
6407
6405
6399
6397
19448
6393
18048
6390
6388
6387
6385
19985
9
6375
6373
15392
6366
6362
6361
6360
6359
6357
6356
6352
6350
6347
6346
6343
6342
6338
6336
6335
6334
6332
6331
6330
1436
6327
6326
17580
246
6320
6319
6318
6316
6312
6309
6308
1951
6304
1264
10023
6301
6296
703
6293
6292
6291
6289
6286
6281
6279
19297
6276
6275
3190
6271
6270
275
6268
6267
6266
6265
6264
6262
6261
6259
6257
6255
19812
6253
6250
6249
6246
6245
6243
6239
6237
6235
117
17635
6232
6230
6228
6225
17579
6221
6219
6217
6216
6212
6208
11249
6206
6205
6204
6203
6202
18781
6197
8648
6195
6191
6187
6185
6184
6183
6182
6179
19983
6176
6173
6170
6169
6168
6167
6164
6162
6161
6160
6157
19792
6152
1606
6149
6146
6144
6143
6140
6139
6137
6134
6132
6131
6130
6127
6126
1434
6119
6117
6114
6110
6109
6106
6105
6103
6102
6101
6100
6099
6096
6094
6092
6091
6089
6088
6087
6086
6085
6082
17999
6078
6076
6075
6070
6062
6058
6054
6050
19123
18436
6045
6044
6041
6040
6037
6035
6034
6033
6032
6031
6029
6024
6023
6022
6021
6020
6019
6017
6014
6013
6012
6011
6010
6006
6005
6001
6000
5997
18779
5994
5992
5990
5984
5983
5977
5976
5974
5972
1089
17941
5965
5964
5962
5958
5957
5956
5954
5952
5950
5949
5948
5944
5943
5942
5941
5940
5937
5935
5934
5932
5931
5927
5926
5923
19637
18950
5919
5918
5916
5915
5914
5912
5910
5908
5906
5903
5901
5900
5899
5898
5897
5896
5894
5893
5890
5889
5888
5884
5882
5879
5876
5871
19293
18606
401
5864
5862
5861
5860
5858
5857
5856
5854
5850
5847
5845
5843
5841
8988
5839
10902
5834
5832
5831
5830
5825
5822
5821
5820
5819
5818
5815
5813
5812
5809
5805
5803
5801
5798
5797
5796
5793
18777
5790
5789
5787
5785
5779
5778
5777
5769
17719
5765
5763
5761
5760
5758
5757
5756
5754
5753
5749
5748
5744
5742
5740
5739
5738
5737
5735
5734
5733
5732
5726
5719
5718
5716
5714
5711
5709
5706
5705
5704
5701
5700
5695
1945
19463
5690
5688
5687
5686
5685
5682
5681
1495
5679
5678
5674
5673
5672
5670
5669
19978
5667
19617
5663
5657
5656
5654
5653
5652
5651
5650
5643
5641
18432
5637
5634
5632
5631
5627
5626
5625
5623
5621
5617
742
5612
5611
5610
5609
5608
5607
7440
5605
5604
5603
5602
5597
5595
5594
5592
19462
5586
5583
5582
5580
5579
5578
5577
5576
5575
5574
5573
5570
5568
5567
5565
5563
5562
5561
5560
5558
5557
5554
5553
5552
5544
5543
749
5539
5537
5536
5535
5534
5528
5523
5522
5520
5517
19633
5508
5507
5506
5505
7880
5502
4004
5494
5491
5488
5487
5486
5485
5484
5480
5479
5477
5475
5471
5469
5467
5465
5464
1771
19289
5460
5459
5458
5457
5456
5455
5454
5453
5451
5450
5447
5444
5441
11732
5436
5435
5432
5429
5428
5424
5422
5421
5420
5419
5418
5417
5414
5413
1427
5410
5409
5407
5406
5403
5401
5400
5399
5396
5395
5393
5392
5391
5386
458
5382
5380
5378
5377
5375
5374
5373
5372
5371
5368
5366
5365
5364
5363
19975
5361
5360
5359
5357
5355
5349
5347
5346
5345
5342
5341
5338
5337
5330
5329
5328
5326
5325
5324
5323
5321
5320
5318
5317
5314
5311
5310
5309
5308
5305
5304
5303
5301
5300
5297
5296
5294
5293
5292
5288
5285
3763
5282
5280
5278
5275
5274
5272
5271
5270
5268
5267
5266
5265
5264
5263
5262
19974
5259
5257
5256
395
5254
5253
5252
5251
5247
5243
5241
5237
5236
5235
5233
5232
5231
5230
5229
5228
5227
5226
5225
5219
5217
5215
5214
5212
1425
5206
738
18256
5203
5201
5197
5196
5195
5193
5192
5191
5190
5187
5186
5185
5183
14178
5178
5176
5174
5173
5171
5170
18579
5167
5166
5161
5160
5158
5157
5156
5155
5153
17912
5151
5149
5147
5143
5138
5137
5134
5133
5131
13674
5129
5128
5126
5125
5123
5122
5121
5120
5119
5118
13618
5112
5110
5107
18255
5096
5095
5094
5093
5091
3218
5087
5083
5082
19457
5078
18083
5073
5072
5067
5060
5059
2454
5056
5053
5052
5048
5047
5044
5043
5042
5041
5040
5039
4343
5035
5034
5032
5031
5029
19113
5027
5026
5025
5024
5023
5019
5016
5014
5012
5010
5007
5005
1423
5002
5001
5000
4999
4998
4995
4994
4992
4990
4989
4988
4987
4985
4983
4982
4981
4979
4978
4977
4976
4975
4974
4972
4970
4969
4965
4964
4962
4961
4960
4959
4957
4956
4955
4952
4951
4948
4947
4940
4939
4937
4936
4930
4929
4927
18425
4923
4920
4919
4918
4916
4915
4913
4912
4911
4905
4904
4902
4901
4900
4898
4897
4894
4892
4887
4885
4883
4881
4880
4879
4878
2354
4875
4874
563
4868
16
4865
4864
4863
4861
4860
4859
4857
4854
4853
4852
4850
4849
4847
4844
4842
4841
4837
4836
4835
4833
4832
4831
4829
4828
4827
4825
4823
4822
4821
8978
4818
4817
4815
4812
4811
4810
4809
4808
4807
4806
4803
4800
18939
4796
4795
4793
4792
4791
4790
4788
4786
4785
4784
4781
4776
4773
4772
4771
4769
4767
4766
4764
4763
4759
4757
4754
4753
4752
4751
19969
4749
4747
4745
4744
4742
4737
4734
4733
4732
4340
4728
4727
2279
4724
4723
4722
4721
707
4714
4712
4711
4709
4708
4707
4706
4705
4704
4702
4701
4699
4698
4696
4695
4694
17800
4691
4687
4684
4683
4681
4679
4678
4676
4675
4673
4671
4670
4668
4661
4660
4658
4657
4654
4653
4652
4650
19968
4647
4645
4643
4642
4641
4640
4638
4637
4636
4634
4630
4629
4628
2965
4623
4621
4619
4618
4616
4614
4613
109
4609
4608
1576
4602
4601
4600
4598
4596
4595
4593
4591
4590
4588
4577
4576
4574
4572
18765
4566
4565
4564
4563
4562
4561
4560
4559
4557
4555
4554
4551
4546
4545
4544
18593
4541
4540
4536
4533
4529
4528
4527
17454
4525
4524
4523
4521
4520
4519
903
4513
4511
4510
4509
4508
4506
4505
4501
4498
19623
4492
4490
4489
17562
4487
4486
4485
4484
4481
4479
4478
4473
4468
4467
4466
4464
4461
4460
4458
4453
4452
4450
4448
4446
4443
1074
4438
4437
4436
4433
4432
4431
4429
4423
4421
4420
4419
19794
4417
4415
4414
4412
4411
4410
19146
4408
4406
4404
4403
4400
4398
4397
4396
4395
18230
4392
4391
4389
4386
4385
4384
4381
4380
4378
4377
4371
4368
4366
18763
4363
4362
4360
4359
4358
18575
4354
4353
4352
4351
4348
4346
4345
4344
2447
4341
19278
4339
18591
4337
12346
4331
4322
4320
4319
4317
4316
4315
4311
4308
4307
4303
4302
4301
4298
4294
4292
4288
4286
4285
4284
4283
4281
4280
4279
4277
4274
4273
4270
4268
4266
1931
4264
4263
18762
4260
4259
4258
4257
4255
4253
4251
4249
13953
4245
4244
4241
4237
4236
17903
4233
4231
4226
4224
4221
4219
4217
4214
4213
4209
4208
4207
4205
4204
4203
4202
4201
4199
4196
4194
4192
711
4189
4187
12102
728
4182
4179
4178
4176
4174
4171
4169
4167
4165
4164
4163
4162
556
4157
4150
4148
4146
1800
4143
4142
4141
4137
4136
1071
4134
4133
4131
4130
4129
4125
4123
4121
4112
19104
4108
705
4106
4105
4099
4098
4097
4096
4093
4089
4087
4084
4082
4079
4076
4074
4073
4070
4069
71
4067
4066
4064
4063
4061
4060
4059
4058
4057
4056
4055
4054
4052
4051
4049
4046
4042
4040
4039
4038
4036
4035
4034
4033
4032
4027
4026
4023
4021
4020
1832
4017
4015
4011
4010
4007
4006
4005
17729
4002
4001
4000
3998
3996
3994
3993
710
3987
3985
17640
3980
3979
3978
3977
3976
3974
3972
12705
3968
3966
3964
3962
3960
3959
3957
3956
3955
3954
3953
3951
3949
3947
3946
3944
3943
3941
3940
3939
3935
3934
3932
3930
3929
3928
3925
3924
3917
3916
3914
3911
3909
3907
3906
3904
3902
3899
3898
3896
3894
3893
3891
3890
3888
3887
3885
3884
3883
3882
3880
725
3877
3876
3873
3868
3867
3866
3865
3864
3863
3862
3861
3858
3856
18758
15207
3852
3851
3850
3849
3848
3846
3845
3841
3839
3838
3834
3831
3829
3827
3826
3825
3824
3822
3821
3820
3819
3811
3810
3809
3805
3804
3803
19953
3799
3798
3797
3796
3795
3788
3786
3785
3784
3783
3782
3781
3780
3778
3776
3774
3773
3771
3769
3768
3767
3766
3764
18971
3761
3760
3757
3755
3754
18757
3750
3749
3748
3747
3745
3743
3741
3739
3738
3737
3735
3733
3731
3729
485
3726
3725
3723
3722
3721
3719
3718
3717
3716
3714
3713
3712
3710
3708
3706
3705
3704
3703
19100
3701
3700
3699
3697
3696
3694
3692
3691
3689
3688
3684
3680
3679
3674
3673
17554
3671
3670
3668
3667
3666
881
3664
3661
3660
3657
3655
3653
18756
3649
9310
3644
3643
3642
3637
3635
3629
19958
3627
3626
3623
3619
3617
3616
3615
3614
3612
3610
3609
13088
3607
3605
3604
3603
3600
3598
3597
3596
3595
3594
3591
3589
3588
3587
3582
3580
3578
2096
3573
3571
3570
3565
3564
3563
3561
3558
3557
3555
3554
3553
3552
3551
3549
18755
3547
3546
52
3543
3542
3539
3538
3529
3528
3524
3521
3520
3519
3516
3512
3511
3510
3509
3503
3501
3499
19098
18411
3495
3494
3493
3492
3489
3487
3486
3481
3480
3477
3474
3472
3469
3467
3466
3463
3462
3460
2374
3458
3455
3453
3452
3451
3449
3448
3446
17871
3441
3440
3439
3438
3436
3434
3433
3431
3430
3429
3427
3426
3423
3419
17895
3416
3414
3412
3411
3409
3408
3406
3405
3399
3396
3395
3393
3392
3391
3388
3384
3381
3379
3378
3377
3376
3375
3372
1407
3367
3365
3363
3362
3360
3359
3358
3357
3355
3354
3350
3349
1922
3346
3345
3344
3342
3341
3340
3338
3337
3334
3333
3332
3331
3328
3324
3322
3321
3320
3311
3309
3306
3303
3300
3299
3298
3295
10337
891
204
3288
3285
3284
3281
3280
3278
3277
3276
3275
3274
3273
3272
3271
3270
3269
3267
18237
17550
3260
3258
3257
3255
3254
3253
3252
3251
3250
3249
3248
3247
3246
3245
3244
3243
3242
3240
3239
3237
3236
3235
3232
3231
3226
3225
3224
2436
3220
3219
19267
3216
3215
3212
3211
3210
3207
3205
3201
3198
3195
3194
19095
18408
3188
19087
3183
15660
3180
3179
3177
3173
3172
3170
18236
3156
3150
3149
3148
19432
3146
3144
3141
3138
3137
3136
3135
3134
3132
3131
3129
3127
3124
3123
3122
3118
3117
3115
3114
3111
3110
3109
3108
3105
1396
3101
3100
3099
3098
3097
3095
3092
3091
3090
3089
3088
202
3086
3083
3081
3080
3079
19545
3074
3072
3070
3069
18235
3060
3058
3057
3055
3052
3049
3047
3045
3044
18750
3036
3033
3032
3031
3030
3027
3026
3023
3022
3020
3019
3017
3015
3008
3007
3005
15050
3001
3000
2997
2994
2993
2262
2990
2989
888
2986
2985
2984
2983
2982
2981
2980
2977
2975
2974
2973
2972
2970
2090
2960
2959
17547
2957
2956
2954
2953
2951
2950
2949
2942
2939
2938
18568
2932
2931
2928
2927
2926
2924
2920
2918
2917
2915
2913
2912
2908
2906
2905
2904
2902
2901
2899
2898
2896
2894
2892
2891
2889
2887
19517
2881
2880
2879
2873
2871
2869
273
2862
2855
2853
17585
2849
2847
2843
2842
2840
2838
2837
1230
2834
2832
2830
2828
2826
2825
2824
2822
2821
2818
2816
2432
19950
2811
2809
2806
2804
2803
2800
2798
2797
2795
2792
2789
2787
2786
2785
2781
1567
2777
2776
2774
2769
2768
2767
2765
2761
2760
2758
7345
2756
2755
2752
2750
2749
2748
2747
2746
2742
2741
2739
16144
19434
1049
2731
2728
2727
2725
2722
2721
2719
2715
2714
2709
2708
2707
2706
2705
2703
2702
1219
2700
2698
2697
2696
2695
2693
2691
2687
2682
2680
2678
2677
2675
2674
2673
2672
2669
2668
2667
2665
2664
2660
19605
2657
2654
2653
2651
2649
2648
2647
2644
2639
2638
2637
2636
18998
2633
2632
2631
2630
2629
8613
2625
2624
2623
2620
2618
2617
2615
2610
2608
2607
2606
2603
2597
15826
2595
2594
2593
5693
2589
2588
2586
2585
8998
2583
2582
2581
2580
2578
2577
2576
2573
2571
2570
2569
2567
2565
2564
2562
2561
2559
2558
2556
18917
2553
2552
2551
2550
527
2548
3293
2545
2544
2542
14108
2539
2536
2534
2530
2529
2527
2526
2522
2518
2517
2515
2513
2512
2509
2508
2507
2506
2503
2500
2498
2497
2495
2491
5692
2489
2488
2486
2483
2481
2479
2478
2477
2476
2475
19993
2473
19991
19990
19989
19988
2467
2466
19984
2464
19982
19981
2459
2458
19976
2456
2455
19603
2453
2452
19970
2450
2449
17542
19966
2446
2443
2441
19959
2439
19955
19954
2434
2433
19951
2431
19948
19947
19946
2426
2423
2420
2418
2417
2416
19933
2413
19930
2408
2407
19925
19924
2404
19922
2402
2401
2400
2399
19917
19915
2395
2394
2391
2389
2386
19904
19903
2382
2380
19898
19897
2377
2376
19894
19893
2373
19891
2371
2370
19888
2368
2367
19885
19884
19883
19882
19881
2360
2357
2356
2355
19873
2353
2352
2350
2349
19867
19866
17541
2345
2342
2341
2340
2338
19856
2336
19854
2333
2332
19850
19847
2327
19845
2325
19843
19841
19840
19839
19838
2318
19836
2316
2315
19833
19832
2312
2311
19829
2309
19827
19826
2306
19824
19823
2303
2299
2297
2296
2295
2294
2293
19810
2290
19807
2287
19804
19803
19802
19801
2281
19799
19798
19797
2276
2275
19793
2273
2272
19787
2267
2265
2264
19782
19781
2261
19779
2259
19777
2256
19774
2254
2253
19771
19770
2250
19768
19767
2247
19764
2244
2243
2241
350
2239
2238
19756
19755
19754
19753
19751
2231
19748
2228
2227
2226
19743
19742
19741
19740
19739
2219
19737
2217
2215
19733
2212
2210
2208
19726
2206
19722
2202
2201
19719
19718
2198
19716
2196
17883
2192
2191
19709
2189
19707
2187
2180
19698
2178
19695
19693
2173
2172
19689
2169
19687
2167
2166
2164
2163
19681
2160
2159
2157
2156
19674
2154
2153
19671
2151
2149
1395
2146
2145
2144
2143
2141
2140
19655
19653
19652
2132
662
19648
2128
2127
2126
2125
19643
19642
19641
19640
2120
2118
2116
2114
19632
19631
19630
2110
19628
19627
2107
19625
19624
2104
19622
2102
2101
19619
19618
2098
2097
19256
19614
2093
19611
19609
2089
2088
19606
2086
19604
2084
19601
19600
2080
2079
2078
19595
19594
2074
19592
2072
19589
19588
2428
192
19585
19583
2062
19579
19578
2058
2057
19575
19571
2051
19569
2049
2048
2047
2045
19563
2043
19560
2039
19557
19556
2036
19554
2034
2033
19551
19550
2029
19547
3970
2024
19542
19541
19539
1222
19536
2016
2015
19533
19772
19530
19529
2008
2006
2005
2004
19522
19521
19520
19519
19518
1998
19516
19515
1995
1993
1992
1991
1822
1988
19506
19505
1985
1984
1982
1980
1978
1977
19495
19493
1970
1968
1967
19482
1962
1961
1960
19478
1958
19476
1956
1955
1953
1952
19470
1949
1948
19465
19464
1944
1943
19461
19459
19
1938
19455
19454
16163
1932
19450
1930
1929
19444
1924
19442
19441
19438
1918
19436
1916
1915
1913
19430
16678
1909
1907
19425
1905
1904
1903
1902
1901
1899
1898
1896
1895
1894
19411
19410
1888
1887
19405
1885
1884
1883
1882
1881
1880
1879
1878
1877
1875
1874
1872
1871
19389
19388
2251
1867
1865
1864
19382
1862
1860
1858
1857
19375
19374
1854
1853
19371
1851
19369
19368
1846
19364
1844
19362
19361
1841
19359
1839
1838
1837
19355
19354
1834
19352
19351
19350
1830
1829
19347
1826
1825
19343
19342
19341
1821
19337
1817
1816
19334
19333
19329
19328
19326
19325
1805
1804
1803
19321
19320
19319
19318
19317
1796
1794
1793
1792
19308
19306
19305
1785
1784
1783
19301
1781
1779
1778
1775
1774
19292
19291
19290
1770
1769
19285
1765
19281
1761
1760
1759
19277
19276
1756
19273
19272
19271
19270
1748
1747
19265
1744
1743
19261
1741
19258
1738
1737
19254
19253
19252
1732
1731
1729
19247
19246
19245
1724
1720
19238
1718
1716
1715
19233
19232
18737
1711
1710
1709
1707
19225
19224
1704
19222
19221
1701
1700
19216
1696
1695
19213
1693
1691
1689
19207
1687
1686
19204
1683
19201
19200
19199
1678
1677
19194
1674
19192
1672
19190
1670
19186
1666
19184
2249
1662
19179
1659
19177
1656
1653
19171
19170
1649
1648
19165
19164
19163
19161
19160
1638
524
19155
19154
19153
1633
17534
1631
8088
19148
1628
1627
19144
1624
1622
1621
1620
19138
1618
1617
12038
1615
1614
1613
1612
19130
19129
19128
18049
19126
19125
19124
1604
1601
19119
19118
1598
19116
19115
1595
1594
1593
1592
1591
1590
1588
1733
1585
19103
1583
1582
1581
1580
1579
1577
15816
1575
1574
19092
1572
19090
1570
1568
19086
1566
1565
19083
1563
1562
1561
19078
1558
1557
1555
1554
19072
1552
19070
1550
1549
1548
1547
19065
19064
1544
19062
19061
19060
19059
19058
19057
522
1533
1532
17533
1529
1528
19046
1525
1524
1523
19041
1521
1520
19038
1518
19035
1515
1514
19032
1512
10663
1509
19027
1506
1504
1503
19021
19020
19019
19018
16835
19014
1494
19012
1491
1490
1488
19006
19005
19937
1484
19002
19001
1479
1478
1477
16502
18993
1472
1471
1469
1468
18986
18985
18983
1463
1462
18980
18979
18978
1734
18976
1456
1455
1454
1453
1452
18970
18968
18967
18966
18965
1445
1443
1442
18957
1437
18955
18954
2075
1433
701
18949
18948
18947
18946
1426
18944
1424
18942
1421
1420
1418
1417
18935
18934
18929
1409
18927
18926
18925
1405
1402
18920
1400
1398
1397
18915
18914
18913
1392
18908
1387
1386
1385
18902
1382
1381
1380
18898
1378
1377
18892
1372
1371
235
18888
18887
1367
1366
1364
1363
1362
18880
18879
18878
18876
1559
1355
18873
1353
17703
18870
18869
18867
18866
18865
1345
1344
18862
18861
18858
1338
18856
18855
1334
18851
18850
18849
1328
18846
18844
1324
18842
1322
18840
18839
18838
19423
18835
18833
18830
18829
18828
18827
1307
18825
1305
1304
1303
18821
18820
1300
18818
1298
1295
1294
1293
1292
1290
18807
1287
1286
1284
1282
18799
18798
18797
18796
1274
18792
18791
1271
18786
18785
18783
18782
1262
18780
1260
1259
1258
18776
18775
1255
1254
1253
1252
18770
18646
1248
1246
1245
1244
1243
1242
1239
1238
1237
1236
1234
18752
1231
18749
14590
1228
18746
1225
1224
1223
18741
18740
18739
18738
1218
18736
18735
1214
1213
18731
18730
18728
18727
18725
18724
1203
1202
18732
1198
18715
1194
18712
18711
18710
1189
1188
18706
18704
1183
18700
18699
1179
18697
18696
1175
1174
1173
18691
18690
1169
1168
1167
1166
18684
1163
1162
1161
18678
18677
1157
1156
1155
1154
1153
18671
1151
18669
1149
18667
1147
18665
18664
1144
18662
18661
1141
1140
18658
1137
18654
1134
18652
1132
18650
18649
18648
1128
1127
1126
18644
18643
18642
1664
1121
1120
18638
18636
18635
18634
18632
1111
1110
18628
18627
18626
18625
1105
1104
1103
1102
18620
1100
18618
1097
1096
18614
18612
1092
18610
1090
18608
18607
1087
1085
18603
1083
1082
18600
1080
1077
1076
18559
1073
1072
18590
1070
1069
1068
18586
18585
18584
1062
1061
1060
1059
18577
1057
1056
18574
1054
1052
18569
19074
1048
1047
1045
1044
1043
1041
1040
1039
1038
18556
18555
1035
1034
18549
18548
1028
1027
1026
1025
1024
18542
18215
1021
1020
18538
1018
18536
1016
18534
18531
1011
1009
18527
18525
18524
18523
18522
18520
18519
18518
1212
18516
996
995
18513
18512
18511
991
18508
18506
18503
18502
18501
18500
18499
979
18497
977
18495
1727
970
18488
968
18484
15810
18481
18478
18477
18476
18474
954
18470
950
19760
18466
18465
18464
18463
18462
18459
18458
938
937
936
18453
18452
932
930
929
928
927
926
18444
18443
923
18441
18439
18438
918
917
18435
915
18433
913
19421
911
18429
909
18427
907
906
18422
902
18420
18419
18416
896
895
894
893
892
18410
889
18407
18403
883
18401
18400
880
879
877
875
18393
872
18386
18385
865
18383
18381
860
859
18377
18376
855
852
850
849
18366
845
867
180
842
18359
16324
1501
836
835
834
18352
18351
18348
828
826
18344
18343
823
822
821
820
819
818
817
815
18333
813
812
811
18327
806
804
18322
802
801
800
18318
798
18315
795
793
18311
791
18308
788
787
18305
785
784
18301
18299
779
778
18296
776
775
774
18292
772
18290
770
19243
18287
766
765
764
762
18280
760
759
758
18276
756
755
18273
752
751
18269
18268
747
18265
19758
744
19071
18261
18384
17697
18258
18257
737
736
734
732
18250
18249
729
18247
18245
18244
724
18242
722
721
720
719
718
717
716
713
19942
18229
708
18226
706
18224
704
18222
18221
18220
699
18217
18216
696
695
693
692
18210
18209
18208
688
18206
686
18204
684
18202
681
680
18198
18196
676
675
18192
671
18189
18187
666
18184
18183
18181
661
660
659
658
657
18175
655
18171
18169
648
646
18164
644
19757
642
641
18158
18157
637
636
18154
634
15635
18150
18149
627
18145
625
18141
18140
18137
18136
616
614
18211
612
18130
610
609
18127
18125
18124
604
603
18121
18119
599
18117
597
18115
18114
18112
18111
591
590
521
18107
587
586
3291
18103
18102
582
581
6532
576
18093
18092
2134
18090
18089
18088
568
18086
18084
564
18554
18081
18080
2252
559
558
557
18075
551
18067
18066
545
544
543
18061
540
539
538
18056
17695
18054
534
533
531
15634
529
18046
526
525
18043
18042
18041
18040
519
518
18036
515
18033
18032
512
511
18029
18028
508
18026
506
505
18022
18020
500
498
18015
18014
494
18012
18011
18010
18009
489
488
487
486
18038
484
18002
482
481
480
479
17997
477
476
18297
474
17992
472
17990
470
17988
468
17985
17984
463
18553
459
17977
457
455
454
453
17970
450
448
17965
17962
17961
17960
440
17958
437
436
435
17953
432
17947
17945
425
17943
423
422
17940
420
419
17937
17936
414
412
17930
17928
17522
17926
406
405
17923
17922
402
17920
397
17915
17914
393
392
17909
17908
17907
386
385
384
17902
382
381
17899
379
378
376
375
374
373
17890
17889
369
368
17886
366
365
364
19926
17881
17880
359
358
17876
17874
17872
352
17869
348
347
17865
17864
13056
343
342
341
340
339
17857
336
335
334
175
332
331
17849
17847
17846
17844
323
17840
17839
319
17837
316
315
313
312
17830
309
307
306
17824
303
302
300
17818
297
17813
292
17810
290
17808
288
287
286
17804
284
17802
281
17799
17798
17797
277
17795
17794
17792
271
17789
269
268
17786
266
17784
264
263
262
260
17778
257
254
253
17771
251
17769
248
247
17765
19504
243
17760
239
238
237
17754
233
17749
17747
17745
225
224
223
222
17740
17739
218
17736
17734
17733
213
17731
211
210
19581
17727
17726
689
17723
203
17721
200
198
17716
196
195
194
17711
17710
190
17708
17704
184
17702
181
17699
179
178
176
17694
174
17692
172
17690
167
17683
163
17680
160
17678
158
19237
155
154
17672
151
150
149
17667
17666
17665
17664
144
143
17660
140
139
138
137
135
17653
133
132
131
17649
129
128
127
126
125
17642
866
121
17639
119
17637
17636
116
17632
17630
17628
17627
107
17624
104
102
101
100
99
17617
17616
96
17614
17613
93
91
17609
89
88
87
85
17602
82
17599
79
17597
77
76
75
17592
17591
17590
17589
69
17586
66
17584
63
61
60
57
17571
17862
49
17566
17565
17564
44
43
17561
17559
39
17557
37
17555
35
34
17552
18640
31
17549
29
28
17546
17545
17544
17543
23
22
21
17539
17538
18
17536
17535
15
14
17532
17531
17528
17526
3
2
17519
